5
4
5
1
1
4
1
4
4
4
5
5
1
2
4
4
5
4
0
2
8
4
2
0
4
0
1
0
7
4
0
5
5
0
2
4
8
1
4
1
1
7
0
4
4
3
4
4
4
4
4
4
5
0
6
4
1
3
0
1
4
3
1
0
0
1
0
5
8
1
0
4
0
5
5
4
7
1
6
1
4
0
5
5
0
0
4
1
5
1
0
1
5
5
4
4
1
4
4
6
1
0
1
4
4
1
4
5
6
0
7
0
5
5
5
4
0
4
4
5
9
0
4
0
1
5
1
2
4
0
1
1
0
4
4
5
5
1
5
5
4
1
2
1
1
1
5
4
1
1
5
4
5
4
1
4
4
6
4
4
0
1
4
0
4
0
5
5
4
1
4
4
3
1
9
4
7
0
0
2
4
6
1
5
1
4
0
1
4
4
5
1
5
5
3
7
0
1
1
8
5
5
6
1
7
4
0
1
4
4
0
4
4
7
1
7
7
0
5
5
4
5
7
4
0
1
8
9
4
1
0
5
0
4
4
4
1
0
0
4
0
4
1
5
0
3
4
4
4
4
1
5
7
0
4
4
1
5
4
0
5
4
4
0
6
4
4
1
0
5
0
5
4
4
1
4
4
4
6
4
6
1
2
5
8
4
0
8
4
4
8
9
4
6
0
5
0
1
1
4
1
0
5
1
5
0
4
1
1
4
5
0
4
4
5
1
1
0
0
4
4
4
1
1
4
4
4
1
6
5
4
5
1
0
7
0
1
4
5
5
4
4
7
4
4
5
4
3
6
1
0
5
5
8
5
1
1
5
9
6
6
5
4
4
5
9
4
1
5
4
5
4
0
2
1
5
4
1
1
4
3
4
0
1
1
3
5
4
0
4
1
1
4
4
1
4
0
5
3
4
5
4
4
5
7
4
1
0
0
4
1
4
1
4
0
4
1
5
4
1
4
0
4
0
7
4
0
4
4
3
4
4
4
4
4
0
5
4
1
1
3
6
6
1
5
5
5
2
4
4
4
1
3
4
1
4
6
1
5
1
4
4
5
0
0
3
0
5
1
0
3
1
4
7
0
8
0
4
5
5
4
5
4
1
0
0
1
4
4
4
4
5
1
4
4
0
3
5
0
2
