4
0
7
1
0
4
4
7
1
5
5
1
5
8
1
1
3
1
5
5
4
5
1
5
1
5
3
0
4
1
0
7
0
0
0
1
5
4
4
0
5
0
4
5
9
1
4
4
7
5
4
7
4
1
4
1
1
6
0
1
1
1
1
4
4
4
0
0
1
1
4
0
1
9
4
4
5
4
4
0
0
0
9
5
4
1
4
5
4
4
4
4
1
1
1
4
4
4
4
0
0
6
5
4
0
4
9
1
4
3
4
4
0
0
0
4
4
4
4
1
4
6
1
1
4
5
4
1
4
4
1
0
0
4
0
0
1
0
1
0
5
1
1
5
4
5
0
4
8
6
4
1
4
0
0
4
4
4
0
4
5
6
4
4
5
1
4
5
4
4
4
4
5
1
4
0
5
0
2
4
4
4
5
0
0
9
4
1
4
1
5
9
0
5
0
0
4
5
1
4
4
4
0
4
0
1
5
7
0
5
1
7
5
4
0
2
1
4
4
5
1
9
1
5
4
5
5
3
0
5
1
1
9
0
0
4
4
4
4
0
5
3
7
6
1
1
1
4
0
6
4
1
4
4
5
1
1
0
0
5
0
1
0
4
4
5
0
6
1
5
5
2
7
5
5
1
8
5
5
1
5
5
4
1
0
1
5
5
5
4
0
5
4
1
1
4
6
5
0
0
0
4
2
4
4
4
4
4
0
5
1
5
5
1
6
4
4
1
5
6
1
7
1
4
5
0
1
4
4
4
4
1
1
1
4
4
8
0
4
1
2
4
1
1
4
5
4
6
5
4
5
4
1
5
4
4
1
4
0
5
3
1
5
4
4
4
4
1
0
1
0
1
0
4
4
1
0
4
4
4
5
4
5
5
0
4
4
4
5
8
1
5
5
1
0
5
4
5
1
7
4
1
5
4
0
0
1
0
1
5
1
4
0
4
4
4
1
6
5
5
4
4
5
4
0
1
4
4
1
0
4
5
4
4
4
4
8
5
6
7
4
3
0
4
1
0
5
0
2
0
5
0
5
5
0
6
1
0
4
4
4
4
1
1
1
1
4
4
1
5
1
0
0
3
9
0
8
1
6
5
5
4
0
1
5
4
4
4
4
6
5
4
5
4
0
5
0
1
2
4
