5
4
5
1
1
4
1
4
4
4
5
5
1
2
4
4
5
4
0
2
8
4
2
0
4
0
1
0
7
4
5
4
5
0
2
4
8
4
4
1
4
5
5
5
0
4
4
4
1
4
5
0
0
5
5
4
4
5
0
1
4
4
1
0
5
5
1
0
1
0
4
4
0
4
1
5
6
1
1
2
7
1
0
5
4
5
0
4
4
4
1
4
1
3
4
5
0
3
4
0
4
4
1
4
5
0
5
1
1
4
5
4
5
4
5
2
1
3
1
1
1
0
8
1
1
4
1
0
6
1
1
5
0
4
4
0
4
1
4
1
1
1
4
4
4
4
1
8
5
0
1
4
1
1
2
7
7
0
5
1
4
5
4
6
4
5
1
5
1
5
4
4
4
2
1
1
5
5
5
4
1
9
4
5
1
1
0
4
5
5
5
4
5
5
5
4
0
0
4
5
1
4
1
1
4
0
4
1
5
4
3
4
4
5
4
4
4
4
4
0
4
0
0
1
0
4
6
5
4
4
5
3
0
4
9
2
0
1
4
5
5
4
0
4
8
5
4
8
4
5
1
4
5
4
3
5
1
4
4
4
0
4
5
4
5
0
0
4
6
1
4
5
4
4
1
1
4
4
1
1
1
5
4
3
4
1
0
4
1
4
4
4
1
0
0
4
4
0
1
4
5
1
4
5
1
0
4
1
0
4
3
5
4
5
1
9
5
8
4
4
1
5
1
5
4
4
1
0
4
4
4
4
1
7
0
0
1
1
4
1
4
8
1
4
0
5
0
4
5
4
4
4
4
0
1
6
1
4
0
7
0
0
4
5
4
0
4
4
5
0
0
1
5
5
4
4
0
5
1
5
4
1
1
0
0
4
3
0
1
4
0
0
4
4
1
4
4
5
3
4
4
2
6
1
4
5
4
4
4
0
4
3
4
0
3
4
4
5
1
8
1
0
4
4
1
0
1
1
4
2
4
8
4
0
3
0
6
5
6
5
3
4
5
4
4
4
1
1
4
0
5
0
4
1
1
4
6
4
5
4
4
1
1
0
5
4
4
5
0
1
6
3
5
5
4
8
4
1
5
1
4
5
4
1
1
5
4
1
1
3
6
5
0
0
4
4
4
5
1
0
