4
0
7
1
0
4
4
7
1
5
5
1
5
8
1
1
3
1
5
5
4
5
1
5
1
5
3
0
4
1
0
9
5
4
4
5
5
4
4
1
5
1
1
0
4
1
4
4
7
5
4
4
4
6
0
1
5
4
1
0
4
1
2
0
4
4
0
4
1
1
4
4
3
0
4
1
4
4
4
5
2
0
5
1
4
4
5
0
4
4
4
4
1
1
1
4
4
4
7
0
0
0
9
5
5
9
4
4
5
5
5
4
4
0
5
4
1
4
7
1
4
5
4
4
0
5
4
4
4
4
1
5
5
4
0
0
4
0
1
0
4
4
1
5
4
5
5
5
4
1
5
5
4
1
4
1
1
4
0
0
5
6
1
1
1
4
4
5
4
4
6
4
4
4
5
5
5
4
4
4
2
4
5
1
3
4
1
4
1
0
5
1
4
1
5
0
4
5
1
4
5
4
0
0
1
4
5
4
2
0
1
1
5
1
0
4
5
1
0
5
1
1
4
5
4
5
0
3
4
5
1
0
4
4
1
1
4
4
6
0
4
3
0
6
6
8
3
4
0
6
0
1
4
1
5
0
4
0
0
5
1
4
2
0
4
5
0
6
4
4
5
4
5
7
4
0
1
4
0
1
5
1
5
0
0
1
5
5
5
4
4
1
4
1
4
0
4
5
8
0
0
4
2
2
4
4
5
4
5
4
0
5
5
4
5
4
5
7
5
6
4
4
4
4
4
4
1
4
4
0
1
5
1
3
4
4
4
0
5
4
5
4
4
1
1
4
4
6
5
5
5
5
5
0
6
7
1
0
0
5
6
1
5
4
1
5
4
2
5
4
0
4
1
0
1
1
1
6
4
4
5
0
3
5
4
0
1
0
4
4
5
5
4
1
6
6
4
4
0
1
4
4
4
4
4
5
4
5
1
4
0
4
0
5
5
0
4
6
5
4
1
4
0
4
0
4
4
1
0
3
4
1
6
4
4
0
5
1
1
7
4
0
0
4
5
0
5
4
2
0
5
5
7
0
1
3
3
0
5
4
4
4
1
4
1
5
4
4
4
4
4
1
0
3
1
0
5
1
6
5
5
4
4
0
4
4
4
4
4
9
0
0
4
7
7
5
0
4
2
4
