5
4
5
1
1
4
1
4
4
4
5
5
1
2
4
4
5
4
0
2
8
4
2
0
4
0
1
0
7
4
0
5
5
0
2
4
8
1
4
1
1
7
0
4
4
3
4
4
4
4
4
4
5
0
6
4
1
3
0
1
4
3
1
0
0
1
0
5
4
1
4
4
1
5
4
8
1
4
7
4
0
0
1
4
5
1
5
5
5
4
1
0
4
0
1
4
0
1
4
5
1
0
4
4
4
5
4
0
9
1
5
4
5
0
4
1
5
0
5
4
4
4
4
1
2
4
0
4
1
6
4
4
5
4
0
1
1
3
5
4
0
4
1
0
1
0
1
1
4
0
4
5
7
1
4
7
4
8
4
0
0
6
4
3
4
1
4
5
4
1
4
1
4
6
4
0
0
1
1
2
4
5
4
0
5
5
5
4
5
1
4
4
5
4
5
7
2
4
0
0
4
5
1
1
1
0
0
4
4
1
1
4
4
4
4
1
4
5
1
1
4
0
8
3
2
7
1
8
6
4
5
0
5
0
4
0
0
5
4
5
4
8
5
1
4
4
4
5
7
4
8
1
1
5
4
0
0
1
1
4
0
4
5
0
2
4
5
0
4
4
3
4
1
4
5
4
5
4
1
6
4
0
4
4
4
4
0
1
6
1
8
4
4
1
1
1
1
5
9
5
5
5
4
0
0
0
5
4
4
0
4
4
0
1
4
4
4
4
1
1
0
4
8
4
4
4
1
5
1
6
0
1
5
5
4
5
4
7
4
4
1
1
4
3
1
1
4
0
8
0
4
1
5
4
5
4
4
6
9
0
5
4
0
1
4
4
3
4
1
1
0
5
5
5
5
4
0
5
4
4
1
5
5
1
4
5
4
7
4
5
4
4
4
0
5
0
0
4
4
4
4
4
6
1
4
0
0
1
4
8
1
1
5
6
3
5
0
1
1
0
4
5
8
9
1
4
3
1
1
4
3
4
4
5
6
5
4
4
4
4
1
0
6
5
5
4
1
4
5
0
5
5
1
1
4
4
2
1
4
3
0
4
1
1
1
4
4
1
0
4
4
1
0
4
4
1
4
0
0
1
1
4
5
0
4
0
3
5
1
3
1
1
5
5
1
4
5
0
5
4
