4
0
7
1
0
4
4
7
1
5
5
1
5
8
1
1
3
1
5
5
0
1
4
5
4
5
3
0
1
1
0
9
8
0
4
5
5
4
4
4
0
5
1
4
0
4
1
1
5
5
1
5
4
7
0
4
7
0
1
1
4
1
2
1
0
9
1
4
1
1
0
0
1
9
2
5
0
1
3
1
0
3
5
5
1
1
1
5
1
4
4
1
4
0
1
4
1
1
4
5
4
1
4
0
4
5
5
5
8
1
4
4
4
5
5
5
5
4
4
9
3
5
1
1
4
4
5
4
4
4
0
4
5
4
0
0
1
1
5
1
4
4
1
7
4
5
4
0
4
4
5
0
5
0
0
3
0
4
1
1
5
0
1
7
4
1
1
4
4
5
1
4
0
1
0
7
4
8
4
0
5
1
1
1
0
1
4
4
0
4
1
0
4
5
4
0
4
0
8
4
5
1
5
5
1
0
1
4
5
3
5
0
4
4
0
5
4
3
1
0
0
5
1
4
5
1
5
5
4
5
4
1
1
4
0
1
1
0
3
0
1
0
0
8
5
4
0
0
0
0
5
5
5
4
4
0
4
1
1
4
0
1
5
4
5
4
0
4
8
1
6
0
5
5
4
1
4
5
0
1
4
4
0
0
5
1
8
5
0
0
4
0
1
1
4
0
4
0
0
0
4
5
4
0
5
1
6
5
5
0
1
5
3
4
5
1
4
3
1
1
4
5
0
5
4
0
1
0
4
4
5
5
4
4
5
4
7
0
1
4
8
1
2
4
1
0
4
1
1
1
1
4
0
5
0
0
3
4
0
4
1
0
8
4
4
0
0
5
8
5
5
0
0
6
4
1
1
1
0
6
5
1
3
9
1
1
1
7
4
5
0
0
4
1
4
1
4
5
5
3
5
2
0
1
5
0
0
1
5
6
4
4
1
5
4
4
4
1
7
0
4
5
0
1
5
0
4
4
4
0
4
4
4
4
4
1
8
4
1
4
4
0
0
5
0
4
4
4
4
0
1
4
4
3
9
1
4
5
1
4
1
1
0
5
4
3
0
6
4
1
2
3
5
1
1
5
1
4
4
0
2
5
0
4
0
1
3
1
4
8
0
4
1
4
5
5
4
5
4
1
